README.md
  s_b8ba273947b220::t_0eae9f869f1907 17,29,47
site/package.json
  s_b8ba273947b220::t_50e1496c6d70f9 4
CHANGELOG.md
  s_b8ba273947b220::t_50e1496c6d70f9 5-12
tests/test_translator.py
  s_b8ba273947b220::t_8efbbcb0e40833 14-17,19-24,47-48,70,72,94,118-119,130
  s_b8ba273947b220::t_ce284e3b5f349a 18
pyproject.toml
  s_b8ba273947b220::t_50e1496c6d70f9 7
src/github_hot_rising/validator.py
  s_b8ba273947b220::t_426137001b3ce3 8-12,41-46,48-49,51-59,68,75-76
tests/test_hot_rising.py
  s_b8ba273947b220::t_b3903f16446237 79
  s_b8ba273947b220::t_8efbbcb0e40833 14-22,41,80-81,90
src/cross_platform_trending/translator.py
  s_b8ba273947b220::t_b3903f16446237 72,91,94
  s_b8ba273947b220::t_aa5bd389cff96e 99-103,105-111,113
  s_b8ba273947b220::t_88852156b270b4 78-88
  s_b8ba273947b220::t_cf3b710d7761aa 18-19,67-71,73-77,89-90,95-98,104,112,114-122,127-132,324,334-338,340,355-361,384,387-388,394,495-498,506,525-528
scripts/migrate_analysis_format.py
  s_b8ba273947b220::t_0eae9f869f1907 1-113
src/cross_platform_trending/report.py
  s_b8ba273947b220::t_37a121ff354845 9-15,52-55,238-242,244-245,247-248
tests/test_report.py
  s_b8ba273947b220::t_8efbbcb0e40833 143-144,153
  s_b8ba273947b220::t_b3903f16446237 89-98
src/github_hot_rising/collector.py
  s_b8ba273947b220::t_37a121ff354845 16-21,427-431,433-434,446-451,506
src/cross_platform_trending/__init__.py
  s_b8ba273947b220::t_50e1496c6d70f9 3
data/2026-07-29.json
  s_b8ba273947b220::t_0b86024bd3b83c 51,55,96,100,153,157,211,215,268,272,313,317,370,374,413,417,469,473,528,532,576,580,628,632,682,686,724,728,781,785,834,838,878,882,934,938,991,995,1044,1048,1094,1098,1135,1139,1190,1194,1239,1243,1297,1301,1343,1347,1389,1393,1432,1436,1483,1487,1527,1531,1581,1585,1627,1631,1687,1691,1741,1745,1789,1793,1843,1847,1888,1892,1937,1941,1989,1993,2039,2043,2086,2090,2145,2149,2196,2200,2254,2258,2297,2301,2349,2353,2402,2406,2456,2460,2505,2509,2562,2566,2606,2610,2662,2666,2705,2709,2759,2763,2800,2804,2844,2848,2887,2891,2935,2939,2987,2991,3032,3036,3089,3093,3138,3142,3187,3191,3244,3248,3291,3295,3346,3350,3393,3397,3448,3452,3490,3494,3538,3542,3595,3599,3647,3651,3703,3707,3763,3767,3808,3812,3862,3866,3913,3917,3962,3966,4009,4013,4056,4060,4100,4104,4157,4161,4211,4215,4264,4268,4309,4313,4349,4353,4406,4410,4464,4468,4510,4514,4555,4559,4601,4605,4651,4655,4706,4710,4751,4755,4804,4808,4853,4857,4902,4906,4944,4948,5003,5007,5056,5060
data/2026-07-30.json
  s_b8ba273947b220::t_faaef71d9db349 52-53,100-101,157-158,215-216,272-273,317-318,360-361,417-418,465-466,521-522,580-581,634-635,691-692,743-744,787-788,829-830,882-883,938-939,995-996,1050-1051,1099-1100,1152-1153,1193-1194,1243-1244,1287-1288,1333-1334,1379-1380,1437-1438,1488-1489,1531-1532,1585-1586,1631-1632,1691-1692,1745-1746,1794-1795,1848-1849,1896-1897,1948-1949,1993-1994,2046-2047,2096-2097,2143-2144,2186-2187,2244-2245,2295-2296,2354-2355,2406-2407,2449-2450,2506-2507,2559-2560,2608-2609,2662-2663,2716-2717,2760-2761,2816-2817,2857-2858,2901-2902,2944-2945,2989-2990,3037-3038,3086-3087,3133-3134,3182-3183,3234-3235,3291-3292,3348-3349,3390-3391,3438-3439,3485-3486,3540-3541,3597-3598,3652-3653,3697-3698,3753-3754,3805-3806,3858-3859,3912-3913,3959-3960,4019-4020,4065-4066,4116-4117,4165-4166,4222-4223,4269-4270,4323-4324,4367-4368,4420-4421,4475-4476,4515-4516,4560-4561,4605-4606,4654-4655,4711-4712,4769-4770,4822-4823,4871-4872,4916-4917,4966-4967,5019-5020,5061-5062
data/2026-07-31.json
  s_b8ba273947b220::t_80e037778b15e2 62,64,120,122,177,179,222,224,279,281,322,324,378,380,437,439,485,487,535,537,592,594,634,636,688,690,732,734,784,786,837,839,893,895,950,952,1005,1007,1046,1048,1095,1097,1148,1150,1192,1194,1235,1237,1281,1283,1327,1329,1385,1387,1436,1438,1490,1492,1550,1552,1596,1598,1650,1652,1704,1706,1752,1754,1804,1806,1853,1855,1898,1900,1951,1953,2010,2012,2053,2055,2103,2105,2161,2163,2208,2210,2260,2262,2311,2313,2368,2370,2420,2422,2463,2465,2517,2519,2570,2572,2624,2626,2668,2670,2724,2726,2772,2774,2830,2832,2871,2873,2915,2917,2958,2960,3007,3009,3052,3054,3104,3106,3153,3155,3210,3212,3257,3259,3314,3316,3356,3358,3416,3418,3473,3475,3521,3523,3570,3572,3625,3627,3672,3674,3727,3729,3783,3785,3828,3830,3875,3877,3927,3929,3980,3982,4034,4036,4091,4093,4137,4139,4190,4192,4241,4243,4296,4298,4343,4345,4397,4399,4441,4443,4490,4492,4530,4532,4575,4577,4628,4630,4670,4672,4719,4721,4764,4766,4805,4807,4858,4860,4915,4917,4960,4962,5019,5021,5069-5071
data/2026-08-01.json
  s_b8ba273947b220::t_5195163659a203 62,64,120,122,165,167,222,224,279,281,322,324,378,380,426,428,485,487,539,541,581,583,638,640,688,690,732,734,784,786,840,842,897,899,950,952,1005,1007,1046,1048,1092,1094,1141,1143,1194,1196,1237,1239,1283,1285,1327,1329,1378,1380,1436,1438,1490,1492,1536,1538,1596,1598,1644,1646,1698,1700,1743,1745,1797,1799,1850,1852,1902,1904,1951,1953,2010,2012,2053,2055,2097,2099,2148,2150,2201,2203,2259,2261,2311,2313,2361,2363,2415,2417,2472,2474,2519,2521,2573,2575,2627,2629,2670,2672,2713,2715,2766,2768,2822,2824,2870,2872,2919,2921,2966,2968,3024,3026,3069,3071,3121,3123,3162,3164,3219,3221,3268,3270,3312,3314,3369,3371,3417,3419,3459,3461,3511,3513,3571,3573,3628,3630,3677,3679,3732,3734,3779,3781,3835,3837,3882,3884,3937,3939,3983,3985,4037,4039,4082,4084,4136,4138,4193,4195,4246,4248,4299,4301,4350,4352,4397,4399,4446,4448,4490,4492,4543,4545,4596,4598,4655,4657,4695,4697,4744,4746,4789,4791,4831,4833,4876,4878,4917,4919,4974,4976,5019,5021,5069-5071
data/2026-08-02.json
  s_b8ba273947b220::t_8a12c0da359908 62,64,120,122,165,167,222,224,279,281,322,324,375,377,431,433,490,492,543,545,591,593,648,650,690,692,744,746,794,796,838,840,895,897,953,955,1008,1010,1060,1062,1116,1118,1157,1159,1203,1205,1246,1248,1295,1297,1341,1343,1385,1387,1436,1438,1490,1492,1550,1552,1596,1598,1645,1647,1693,1695,1747,1749,1789,1791,1834,1836,1888,1890,1941,1943,1993,1995,2036,2038,2087,2089,2139,2141,2198,2200,2256,2258,2300,2302,2357,2359,2410,2412,2464,2466,2518,2520,2568,2570,2622,2624,2669,2671,2712,2714,2755,2757,2813,2815,2866,2868,2915,2917,2962,2964,3007,3009,3059,3061,3115,3117,3164,3166,3211,3213,3259,3261,3316,3318,3357,3359,3414,3416,3458,3460,3506,3508,3548,3550,3600,3602,3657,3659,3717,3719,3763,3765,3810,3812,3866,3868,3915,3917,3970,3972,4026,4028,4083,4085,4138,4140,4184,4186,4229,4231,4283,4285,4337,4339,4377,4379,4430,4432,4483,4485,4536,4538,4578,4580,4629,4631,4676,4678,4725,4727,4774,4776,4818,4820,4871,4873,4930,4932,4982,4984,5027,5029,5072-5074
data/2026-08-04.json
  s_b8ba273947b220::t_0d8d0d120b6b30 62,64,120,122,177,179,222,224,279,281,326,328,374,376,430,432,489,491,532,534,585,587,642,644,696,698,738,740,782,784,835,837,893,895,949,951,1006,1008,1061,1063,1102,1104,1152,1154,1204,1206,1247,1249,1293,1295,1339,1341,1389,1391,1443,1445,1492,1494,1552,1554,1596,1598,1647,1649,1695,1697,1749,1751,1794,1796,1843,1845,1895,1897,1941,1943,1984,1986,2037,2039,2096,2098,2154,2156,2205,2207,2247,2249,2304,2306,2356,2358,2400,2402,2454,2456,2507,2509,2561,2563,2615,2617,2658,2660,2702,2704,2755,2757,2813,2815,2867,2869,2912,2914,2961,2963,3008,3010,3057,3059,3100,3102,3157,3159,3214,3216,3262,3264,3314,3316,3370,3372,3412,3414,3464,3466,3511,3513,3559,3561,3619,3621,3676,3678,3717,3719,3773,3775,3820,3822,3876,3878,3923,3925,3968,3970,4014,4016,4071,4073,4125,4127,4179,4181,4236,4238,4289,4291,4335,4337,4375,4377,4424,4426,4469,4471,4524,4526,4573,4575,4628,4630,4670,4672,4723,4725,4782,4784,4831,4833,4884,4886,4937,4939,4992,4994,5033,5035,5082,5084
data/2026-08-05.json
  s_b8ba273947b220::t_aeaa626cd37a00 62,64,120,122,177,179,222,224,279,281,322,324,369,371,425,427,473,475,532,534,575,577,628,630,685,687,739,741,781,783,825,827,883,885,936,938,991,993,1047,1049,1104,1106,1145,1147,1194,1196,1240,1242,1290,1292,1342,1344,1388,1390,1431,1433,1482,1484,1532,1534,1586,1588,1646,1648,1692,1694,1741,1743,1795,1797,1839,1841,1884,1886,1932,1934,1984,1986,2037,2039,2080,2082,2124,2126,2182,2184,2234,2236,2293,2295,2344,2346,2398,2400,2451,2453,2508,2510,2562,2564,2616,2618,2658,2660,2702,2704,2756,2758,2799,2801,2857,2859,2910,2912,2957,2959,3006,3008,3051,3053,3108,3110,3157,3159,3214,3216,3256,3258,3315,3317,3367,3369,3427,3429,3475,3477,3527,3529,3584,3586,3640,3642,3689,3691,3746,3748,3793,3795,3841,3843,3897,3899,3942,3944,3983,3985,4039,4041,4093,4095,4140,4142,4197,4199,4244,4246,4297,4299,4343,4345,4397,4399,4437,4439,4486,4488,4532,4534,4576,4578,4631,4633,4673,4675,4726,4728,4771,4773,4826,4828,4881,4883,4940,4942,4989,4991,5041,5043,5094-5096
data/2026-08-06.json
  s_b8ba273947b220::t_1112fedb0ce308 62,64,120,122,177,179,222,224,279,281,322,324,378,380,426,428,485,487,532,534,575,577,632,634,686,688,728,730,781,783,825,827,883,885,938,940,994,996,1051,1053,1104,1106,1145,1147,1194,1196,1238,1240,1284,1286,1327,1329,1377,1379,1427,1429,1473,1475,1525,1527,1579,1581,1630,1632,1676,1678,1736,1738,1785,1787,1830,1832,1884,1886,1936,1938,1984,1986,2027,2029,2086,2088,2137,2139,2181,2183,2234,2236,2292,2294,2344,2346,2401,2403,2455,2457,2509,2511,2563,2565,2616,2618,2658,2660,2702,2704,2756,2758,2799,2801,2857,2859,2904,2906,2957,2959,3006,3008,3051,3053,3108,3110,3157,3159,3205,3207,3262,3264,3304,3306,3356,3358,3416,3418,3475,3477,3532,3534,3589,3591,3645,3647,3697,3699,3753,3755,3800,3802,3848,3850,3895,3897,3949,3951,3994,3996,4051,4053,4092,4094,4148,4150,4201,4203,4255,4257,4295,4297,4350,4352,4399,4401,4446,4448,4492,4494,4537,4539,4579,4581,4625,4627,4669,4671,4718,4720,4767,4769,4820,4822,4879,4881,4924,4926,4979,4981,5034,5036,5089,5091
data/2026-08-07.json
  s_b8ba273947b220::t_adcc9678fa06d1 62,64,120,122,177,179,222,224,265,267,322,324,378,380,426,428,485,487,532,534,574,576,628,630,685,687,728,730,772,774,830,832,886,888,939,941,994,996,1051,1053,1092,1094,1141,1143,1194,1196,1238,1240,1281,1283,1327,1329,1373,1375,1424,1426,1474,1476,1524,1526,1578,1580,1630,1632,1690,1692,1736,1738,1784,1786,1838,1840,1883,1885,1935,1937,1988,1990,2037,2039,2080,2082,2139,2141,2190,2192,2242,2244,2300,2302,2357,2359,2411,2413,2455,2457,2508,2510,2562,2564,2616,2618,2658,2660,2702,2704,2756,2758,2799,2801,2846,2848,2904,2906,2953,2955,2998,3000,3051,3053,3108,3110,3157,3159,3205,3207,3257,3259,3299,3301,3359,3361,3416,3418,3473,3475,3528,3530,3573,3575,3632,3634,3688,3690,3745,3747,3798,3800,3849,3851,3896,3898,3948,3950,4004,4006,4051,4053,4107,4109,4161,4163,4218,4220,4265,4267,4313,4315,4366,4368,4407,4409,4462,4464,4510,4512,4564,4566,4604,4606,4650,4652,4703,4705,4745,4747,4790,4792,4839,4841,4898,4900,4944,4946,4988,4990,5037,5039,5095,5097
data/2026-08-08.json
  s_b8ba273947b220::t_29972d4bd42b51 62,64,120,122,165,167,222,224,265,267,322,324,378,380,437,439,490,492,538,540,595,597,649,651,691,693,738,740,782,784,840,842,896,898,951,953,994,996,1051,1053,1104,1106,1145,1147,1194,1196,1240,1242,1283,1285,1327,1329,1377,1379,1423,1425,1474,1476,1528,1530,1578,1580,1638,1640,1684,1686,1736,1738,1790,1792,1835,1837,1888,1890,1936,1938,1988,1990,2041,2043,2084,2086,2133,2135,2192,2194,2244,2246,2302,2304,2359,2361,2413,2415,2464,2466,2518,2520,2572,2574,2616,2618,2674,2676,2722,2724,2764,2766,2809,2811,2856,2858,2905,2907,2952,2954,2996,2998,3050,3052,3107,3109,3150,3152,3207,3209,3260,3262,3308,3310,3350,3352,3410,3412,3462,3464,3519,3521,3568,3570,3625,3627,3681,3683,3726,3728,3781,3783,3828,3830,3874,3876,3928,3930,3984,3986,4043,4045,4096,4098,4153,4155,4206,4208,4257,4259,4309,4311,4356,4358,4412,4414,4461,4463,4501,4503,4556,4558,4604,4606,4645,4647,4687,4689,4741,4743,4794,4796,4843,4845,4892,4894,4945,4947,5004,5006,5049,5051,5101-5103
data/2026-08-09.json
  s_b8ba273947b220::t_18027b6335cf14 63,65,120,122,177,179,222,224,279,281,322,324,375,377,434,436,490,492,538,540,591,593,648,650,702,704,744,746,799,801,855,857,902,904,960,962,1004,1006,1061,1063,1104,1106,1145,1147,1194,1196,1237,1239,1283,1285,1329,1331,1373,1375,1423,1425,1474,1476,1528,1530,1588,1590,1634,1636,1684,1686,1736,1738,1790,1792,1835,1837,1888,1890,1941,1943,1989,1991,2032,2034,2084,2086,2143,2145,2194,2196,2238,2240,2282,2284,2334,2336,2391,2393,2445,2447,2494,2496,2548,2550,2606,2608,2660,2662,2718,2720,2763,2765,2812,2814,2859,2861,2907,2909,2949,2951,2996,2998,3050,3052,3107,3109,3150,3152,3202,3204,3259,3261,3310,3312,3363,3365,3420,3422,3468,3470,3510,3512,3570,3572,3619,3621,3664,3666,3720,3722,3767,3769,3820,3822,3877,3879,3923,3925,3978,3980,4034,4036,4091,4093,4145,4147,4204,4206,4253,4255,4306,4308,4354,4356,4405,4407,4460,4462,4512,4514,4568,4570,4615,4617,4655,4657,4697,4699,4746,4748,4787,4789,4828,4830,4877,4879,4931,4933,4984,4986,5043,5045,5096-5098
data/2026-08-10.json
  s_b8ba273947b220::t_4b00f7fe16e146 62,64,120,122,177,179,222,224,265,267,322,324,378,380,437,439,490,492,543,545,591,593,648,650,690,692,744,746,799,801,855,857,912,914,959,961,1017,1019,1061,1063,1102,1104,1145,1147,1194,1196,1240,1242,1283,1285,1329,1331,1379,1381,1423,1425,1477,1479,1523,1525,1574,1576,1634,1636,1683,1685,1733,1735,1787,1789,1832,1834,1884,1886,1937,1939,1988,1990,2045,2047,2097,2099,2150,2152,2198,2200,2257,2259,2300,2302,2352,2354,2396,2398,2450,2452,2494,2496,2548,2550,2606,2608,2660,2662,2718,2720,2763,2765,2812,2814,2859,2861,2908,2910,2956,2958,3013,3015,3070,3072,3112,3114,3159,3161,3211,3213,3265,3267,3316,3318,3358,3360,3401,3403,3458,3460,3515,3517,3571,3573,3624,3626,3677,3679,3725,3727,3772,3774,3832,3834,3878,3880,3923,3925,3976,3978,4033,4035,4088,4090,4144,4146,4187,4189,4235,4237,4289,4291,4344,4346,4403,4405,4452,4454,4503,4505,4547,4549,4589,4591,4638,4640,4690,4692,4746,4748,4793,4795,4842,4844,4882,4884,4923,4925,4975,4977,5016,5018,5070-5072
data/hot-rising/2026-08-04.json
  s_b8ba273947b220::t_3dc502198593f9 68-69,115-116,165-166,217-218,270-271,315-316,350-351,400-401,446-447,481-482,525-526,574-575,609-610,644-645,679-680,721-722,768-769,810-811,854-855,889-890,937-938,984-985,1026-1027,1061-1062,1105-1106,1150-1151,1196-1197,1231-1232,1266-1267,1309-1310,1353-1354,1388-1389,1423-1424,1458-1459,1502-1503,1537-1538,1593-1594,1639-1640,1685-1686,1740-1741,1786-1787,1821-1822,1873-1874,1908-1909,1943-1944,1978-1979,2034-2035,2069-2070,2111-2112,2166-2167,2201-2202,2243-2244,2278-2279,2331-2332,2366-2367,2415-2416,2450-2451,2493-2494,2541-2542,2587-2588,2643-2644,2698-2699,2735-2736,2791-2792,2847-2848,2882-2883,2921-2922,2956-2957,3007-3008,3042-3043,3085-3086,3120-3121,3166-3167,3201-3202,3252-3253,3308-3309,3343-3344,3378-3379,3434-3435,3481-3482,3535-3536,3579-3580,3614-3615,3657-3658,3692-3693,3727-3728,3783-3784,3839-3840,3874-3875,3917-3918,3952-3953,4001-4002,4057-4058,4113-4114,4153-4154,4199-4200,4254-4255,4310-4311,4351-4352,4386-4387
data/hot-rising/2026-08-05.json
  s_b8ba273947b220::t_a176e9314cde6f 69-70,116-117,167-168,212-213,259-260,312-313,363-364,399-400,435-436,471-472,514-515,562-563,605-606,648-649,695-696,731-732,780-781,827-828,875-876,920-921,969-970,1004-1005,1042-1043,1077-1078,1117-1118,1160-1161,1195-1196,1244-1245,1290-1291,1345-1346,1389-1390,1432-1433,1484-1485,1533-1534,1586-1587,1621-1622,1673-1674,1729-1730,1764-1765,1819-1820,1854-1855,1910-1911,1966-1967,2020-2021,2066-2067,2121-2122,2170-2171,2216-2217,2259-2260,2294-2295,2350-2351,2398-2399,2454-2455,2497-2498,2532-2533,2567-2568,2602-2603,2637-2638,2682-2683,2724-2725,2774-2775,2809-2810,2844-2845,2885-2886,2920-2921,2966-2967,3005-3006,3059-3060,3094-3095,3131-3132,3187-3188,3238-3239,3273-3274,3308-3309,3348-3349,3397-3398,3452-3453,3487-3488,3536-3537,3582-3583,3617-3618,3660-3661,3716-3717,3759-3760,3799-3800,3852-3853,3900-3901,3935-3936,3970-3971,4012-4013,4051-4052,4102-4103,4158-4159,4201-4202,4247-4248,4282-4283,4326-4327,4361-4362,4417-4418,4464-4465
data/hot-rising/2026-08-06.json
  s_b8ba273947b220::t_64e96ba9ddc8b5 79-80,133-134,184-185,229-230,276-277,319-320,355-356,399-400,435-436,471-472,514-515,564-565,600-601,647-648,694-695,743-744,778-779,827-828,871-872,906-907,961-962,1011-1012,1046-1047,1081-1082,1127-1128,1162-1163,1217-1218,1261-1262,1313-1314,1369-1370,1425-1426,1471-1472,1524-1525,1559-1560,1613-1614,1655-1656,1698-1699,1753-1754,1788-1789,1843-1844,1899-1900,1955-1956,2001-2002,2036-2037,2071-2072,2120-2121,2172-2173,2220-2221,2268-2269,2314-2315,2349-2350,2384-2385,2419-2420,2454-2455,2497-2498,2532-2533,2588-2589,2630-2631,2686-2687,2721-2722,2771-2772,2820-2821,2855-2856,2894-2895,2947-2948,2982-2983,3017-3018,3054-3055,3094-3095,3129-3130,3185-3186,3240-3241,3283-3284,3326-3327,3366-3367,3420-3421,3476-3477,3522-3523,3564-3565,3603-3604,3653-3654,3688-3689,3723-3724,3758-3759,3793-3794,3842-3843,3884-3885,3935-3936,3970-3971,4013-4014,4057-4058,4092-4093,4136-4137,4182-4183,4229-4230,4272-4273,4320-4321,4376-4377,4411-4412,4467-4468
data/hot-rising/2026-08-07.json
  s_b8ba273947b220::t_0fb158295a0b99 79-80,133-134,169-170,214-215,257-258,293-294,340-341,385-386,434-435,470-471,506-507,542-543,590-591,633-634,683-684,730-731,766-767,802-803,845-846,880-881,915-916,968-969,1003-1004,1049-1050,1104-1105,1148-1149,1200-1201,1235-1236,1270-1271,1308-1309,1361-1362,1396-1397,1436-1437,1482-1483,1538-1539,1592-1593,1635-1636,1691-1692,1746-1747,1781-1782,1836-1837,1885-1886,1931-1932,1987-1988,2038-2039,2090-2091,2125-2126,2175-2176,2223-2224,2258-2259,2314-2315,2368-2369,2403-2404,2438-2439,2473-2474,2528-2529,2576-2577,2611-2612,2650-2651,2690-2691,2727-2728,2783-2784,2818-2819,2853-2854,2896-2897,2936-2937,2971-2972,3027-3028,3073-3074,3129-3130,3164-3165,3207-3208,3256-3257,3306-3307,3341-3342,3397-3398,3432-3433,3474-3475,3517-3518,3559-3560,3605-3606,3651-3652,3698-3699,3733-3734,3775-3776,3815-3816,3868-3869,3917-3918,3961-3962,4017-4018,4052-4053,4103-4104,4138-4139,4173-4174,4212-4213,4247-4248,4282-4283,4328-4329,4372-4373,4417-4418
data/hot-rising/2026-08-08.json
  s_b8ba273947b220::t_7e74e3f08f25be 68-69,111-112,156-157,192-193,240-241,287-288,327-328,363-364,409-410,462-463,498-499,534-535,570-571,624-625,667-668,714-715,750-751,789-790,839-840,875-876,910-911,953-954,997-998,1053-1054,1088-1089,1123-1124,1169-1170,1211-1212,1246-1247,1302-1303,1354-1355,1409-1410,1453-1454,1505-1506,1558-1559,1593-1594,1649-1650,1684-1685,1731-1732,1766-1767,1820-1821,1866-1867,1909-1910,1965-1966,2021-2022,2076-2077,2111-2112,2160-2161,2215-2216,2250-2251,2306-2307,2354-2355,2394-2395,2435-2436,2472-2473,2527-2528,2562-2563,2616-2617,2662-2663,2697-2698,2732-2733,2767-2768,2809-2810,2844-2845,2879-2880,2914-2915,2965-2966,3008-3009,3053-3054,3102-3103,3137-3138,3176-3177,3226-3227,3261-3262,3317-3318,3373-3374,3413-3414,3469-3470,3511-3512,3559-3560,3615-3616,3658-3659,3697-3698,3741-3742,3788-3789,3834-3835,3880-3881,3926-3927,3974-3975,4030-4031,4080-4081,4115-4116,4166-4167,4219-4220,4254-4255,4309-4310,4349-4350,4395-4396,4438-4439,4494-4495
data/hot-rising/2026-08-09.json
  s_b8ba273947b220::t_114b787558252a 73-74,109-110,145-146,188-189,224-225,266-267,312-313,348-349,401-402,455-456,491-492,534-535,581-582,631-632,667-668,703-704,742-743,790-791,833-834,869-870,907-908,942-943,977-978,1024-1025,1070-1071,1114-1115,1166-1167,1215-1216,1267-1268,1311-1312,1366-1367,1401-1402,1457-1458,1492-1493,1527-1528,1580-1581,1636-1637,1690-1691,1725-1726,1760-1761,1803-1804,1849-1850,1905-1906,1960-1961,2015-2016,2063-2064,2100-2101,2156-2157,2191-2192,2226-2227,2261-2262,2310-2311,2363-2364,2407-2408,2461-2462,2496-2497,2538-2539,2584-2585,2619-2620,2654-2655,2689-2690,2744-2745,2799-2800,2843-2844,2889-2890,2924-2925,2963-2964,3009-3010,3052-3053,3108-3109,3158-3159,3193-3194,3228-3229,3273-3274,3308-3309,3343-3344,3393-3394,3436-3437,3492-3493,3539-3540,3595-3596,3637-3638,3676-3677,3716-3717,3758-3759,3793-3794,3833-3834,3884-3885,3919-3920,3959-3960,4015-4016,4050-4051,4099-4100,4145-4146,4180-4181,4236-4237,4282-4283,4325-4326,4369-4370,4425-4426
data/hot-rising/latest.json
  s_b8ba273947b220::t_197a9062116ae2 73-74,109-110,145-146,188-189,224-225,266-267,312-313,348-349,401-402,455-456,491-492,534-535,581-582,631-632,667-668,703-704,742-743,790-791,833-834,869-870,907-908,942-943,977-978,1024-1025,1070-1071,1114-1115,1166-1167,1215-1216,1267-1268,1311-1312,1366-1367,1401-1402,1457-1458,1492-1493,1527-1528,1580-1581,1636-1637,1690-1691,1725-1726,1760-1761,1803-1804,1849-1850,1905-1906,1960-1961,2015-2016,2063-2064,2100-2101,2156-2157,2191-2192,2226-2227,2261-2262,2310-2311,2363-2364,2407-2408,2461-2462,2496-2497,2538-2539,2584-2585,2619-2620,2654-2655,2689-2690,2744-2745,2799-2800,2843-2844,2889-2890,2924-2925,2963-2964,3009-3010,3052-3053,3108-3109,3158-3159,3193-3194,3228-3229,3273-3274,3308-3309,3343-3344,3393-3394,3436-3437,3492-3493,3539-3540,3595-3596,3637-3638,3676-3677,3716-3717,3758-3759,3793-3794,3833-3834,3884-3885,3919-3920,3959-3960,4015-4016,4050-4051,4099-4100,4145-4146,4180-4181,4236-4237,4282-4283,4325-4326,4369-4370,4425-4426
data/hot-rising/translations.json
  s_b8ba273947b220::t_ac7c7cdb67c41f 8,14,20,26,32,38,44,50,56,62,68,74,80,86,92,98,104,110,116,122,128,134,140,144,150,156,162,168,174,180,186,192,198,204,210,216,222,226,232,238,244,250,254,260,266,272,278,284,290,296,302,308,314,320,326,332,338,342,348,354,360,366,372,378,384,390,396,402,408,414,418,424,430,436,442,448,454,460,466,472,478,484,490,496,502,508,514,520,526,532,538,544,550,556,562,568,574,580,586,592,598,604,610,616,620,626,632,638,644,650,656,662,668,674,680,686,692,698,704,710,716,722,728,734,740,746,752,758,764,770,776,782,788,794,800,806,812,818,824,830,836,842,848,854,860,866,872,878,884,890,896,902,908,914,920,926,932,938,944,950,956,962,968,972,978,984
data/latest.json
  s_b8ba273947b220::t_5be700803d07d9 62,64,120,122,177,179,222,224,265,267,322,324,378,380,437,439,490,492,543,545,591,593,648,650,690,692,744,746,799,801,855,857,912,914,959,961,1017,1019,1061,1063,1102,1104,1145,1147,1194,1196,1240,1242,1283,1285,1329,1331,1379,1381,1423,1425,1477,1479,1523,1525,1574,1576,1634,1636,1683,1685,1733,1735,1787,1789,1832,1834,1884,1886,1937,1939,1988,1990,2045,2047,2097,2099,2150,2152,2198,2200,2257,2259,2300,2302,2352,2354,2396,2398,2450,2452,2494,2496,2548,2550,2606,2608,2660,2662,2718,2720,2763,2765,2812,2814,2859,2861,2908,2910,2956,2958,3013,3015,3070,3072,3112,3114,3159,3161,3211,3213,3265,3267,3316,3318,3358,3360,3401,3403,3458,3460,3515,3517,3571,3573,3624,3626,3677,3679,3725,3727,3772,3774,3832,3834,3878,3880,3923,3925,3976,3978,4033,4035,4088,4090,4144,4146,4187,4189,4235,4237,4289,4291,4344,4346,4403,4405,4452,4454,4503,4505,4547,4549,4589,4591,4638,4640,4690,4692,4746,4748,4793,4795,4842,4844,4882,4884,4923,4925,4975,4977,5016,5018,5070-5072
data/translations.json
  s_b8ba273947b220::t_f37e17b1a83679 8,14,20,26,32,36,42,48,54,58,64,72,78,84,90,96,102,106,114,120,126,132,138,144,150,156,162,168,174,180,186,192,198,204,210,216,222,228,238,244,250,254,260,266,272,278,284,290,296,302,308,314,320,326,332,338,344,350,356,362,368,374,380,386,392,398,404,410,416,422,428,438,442,448,454,460,466,470,476,482,488,498,504,510,516,522,528,534,540,546,552,558,564,570,576,582,588,594,600,606,612,618,624,630,636,644,652,658,664,670,676,682,688,694,700
docs/reports/2026-07-29.md
  s_b8ba273947b220::t_efe5d330b2ae00 124,149,174,199,224,249,274,299,324,349,374,399,424,449,474,499,523,548,573,598,623,648,673,698,722,747,772,797,822,847,872,897,922,947,972,997,1022,1047,1072,1097,1122,1147,1172,1197,1222,1247,1272,1297,1322,1347,1372,1396,1421,1446,1471,1496,1521,1545,1570,1595,1620,1645,1670,1695,1720,1745,1770,1794,1819,1844,1869,1894,1919,1944,1969,1994,2019,2044,2069,2093,2118,2143,2168,2193,2218,2243,2268,2293,2318,2343,2368,2393,2418,2443,2468,2493,2518,2543,2568,2593
docs/reports/2026-07-30.md
  s_b8ba273947b220::t_b518173c47ace1 124,149,174,199,224,249,274,299,324,349,374,399,424,449,474,499,524,548,573,598,623,647,672,697,722,747,772,797,822,847,872,897,922,947,972,997,1022,1047,1072,1097,1122,1147,1172,1197,1222,1247,1272,1297,1322,1347,1372,1397,1422,1447,1471,1496,1521,1546,1570,1595,1620,1645,1669,1694,1719,1744,1769,1794,1819,1844,1869,1894,1919,1944,1969,1994,2019,2044,2068,2093,2118,2143,2168,2193,2218,2243,2268,2293,2318,2343,2368,2393,2418,2443,2468,2493,2518,2543,2568,2593
docs/reports/2026-07-31.md
  s_b8ba273947b220::t_3a616972d1c331 124,149,174,199,224,249,274,299,324,349,374,399,424,449,474,499,523,548,573,598,623,647,672,697,722,747,772,797,822,847,872,897,922,947,972,997,1022,1047,1072,1097,1122,1147,1172,1197,1222,1247,1272,1297,1322,1347,1372,1397,1421,1446,1471,1496,1521,1546,1570,1595,1620,1645,1670,1695,1719,1744,1769,1794,1819,1844,1869,1894,1919,1944,1969,1994,2018,2043,2068,2093,2118,2143,2168,2193,2218,2243,2268,2293,2318,2343,2368,2393,2418,2443,2468,2493,2518,2543,2568,2593
docs/reports/2026-08-01.md
  s_b8ba273947b220::t_2156754be432dc 124,149,174,199,224,249,274,299,324,349,374,399,424,449,474,499,524,549,573,598,623,648,672,697,722,747,772,797,822,847,872,897,922,947,972,997,1022,1047,1072,1097,1122,1146,1171,1196,1221,1246,1271,1296,1321,1346,1371,1396,1420,1445,1470,1495,1520,1545,1569,1594,1619,1644,1669,1694,1719,1744,1769,1794,1819,1844,1869,1894,1919,1944,1969,1994,2018,2043,2068,2093,2118,2143,2168,2193,2218,2243,2268,2293,2318,2343,2368,2393,2418,2443,2468,2493,2518,2543,2568,2593
docs/reports/2026-08-02.md
  s_b8ba273947b220::t_dd8a5edd1c7664 124,149,174,199,224,249,274,298,323,348,373,398,423,448,473,498,523,548,573,598,623,648,673,698,723,747,772,797,822,847,872,897,922,947,972,996,1021,1046,1071,1096,1121,1146,1171,1196,1221,1245,1270,1295,1320,1345,1370,1395,1420,1444,1469,1494,1519,1544,1568,1593,1618,1643,1668,1693,1718,1743,1768,1793,1818,1843,1868,1893,1918,1943,1968,1992,2017,2042,2067,2092,2117,2142,2167,2192,2217,2242,2267,2292,2317,2342,2367,2392,2417,2442,2467,2492,2517,2542,2567,2592
docs/reports/2026-08-04.md
  s_b8ba273947b220::t_5475049825f000 124,149,174,199,224,249,274,299,324,349,374,398,423,448,473,498,523,548,573,598,623,648,673,698,723,748,773,798,823,847,872,897,922,947,972,997,1022,1047,1072,1097,1122,1147,1172,1197,1221,1246,1271,1296,1321,1346,1371,1396,1420,1444,1469,1494,1519,1544,1569,1593,1618,1643,1668,1693,1718,1743,1768,1793,1818,1843,1868,1893,1918,1943,1968,1992,2017,2042,2067,2092,2117,2142,2167,2192,2217,2242,2267,2292,2317,2342,2367,2392,2417,2442,2467,2492,2517,2542,2567,2592
docs/reports/2026-08-05.md
  s_b8ba273947b220::t_d492d615d9ddc0 124,149,174,199,224,249,274,299,324,349,374,399,423,448,473,498,523,548,573,598,623,648,673,697,722,747,772,797,822,847,872,897,922,947,972,997,1022,1047,1072,1097,1122,1147,1171,1196,1221,1246,1271,1296,1321,1346,1371,1396,1420,1445,1470,1494,1519,1544,1568,1593,1618,1643,1668,1693,1718,1743,1768,1793,1818,1843,1868,1893,1918,1943,1968,1993,2018,2043,2068,2093,2118,2142,2167,2192,2217,2242,2267,2292,2317,2342,2367,2392,2417,2442,2467,2492,2517,2542,2567,2592
docs/reports/2026-08-06.md
  s_b8ba273947b220::t_7a7faa02b09db8 124,149,174,199,224,249,274,299,324,349,374,399,424,449,474,498,523,548,573,598,623,648,673,697,722,747,772,797,822,847,872,897,922,947,972,997,1022,1047,1072,1097,1122,1147,1172,1196,1221,1246,1271,1296,1321,1346,1371,1396,1420,1445,1470,1494,1519,1543,1568,1593,1618,1643,1668,1693,1718,1743,1768,1793,1818,1843,1868,1893,1918,1943,1968,1993,2017,2042,2067,2092,2117,2142,2167,2192,2217,2242,2267,2292,2317,2342,2367,2392,2417,2442,2467,2492,2517,2542,2567,2592
docs/reports/2026-08-07.md
  s_b8ba273947b220::t_e485334d37f9c0 124,149,174,199,224,249,274,299,324,349,374,399,424,449,474,499,524,549,573,598,623,648,672,697,722,747,772,797,822,847,872,897,922,947,972,997,1022,1047,1072,1097,1122,1147,1172,1197,1222,1247,1272,1297,1321,1346,1371,1396,1420,1445,1470,1494,1518,1543,1568,1593,1618,1643,1668,1693,1718,1743,1768,1793,1818,1843,1868,1893,1918,1943,1968,1992,2016,2041,2066,2091,2116,2141,2166,2191,2216,2241,2266,2291,2316,2341,2366,2391,2416,2441,2466,2491,2516,2541,2566,2591
docs/reports/2026-08-08.md
  s_b8ba273947b220::t_9c358243d6f650 124,149,174,199,224,249,274,299,324,349,374,399,424,449,474,499,524,549,574,599,624,648,673,697,722,747,772,797,822,847,872,897,922,947,972,997,1022,1047,1072,1097,1122,1147,1172,1197,1222,1247,1272,1297,1322,1347,1372,1396,1421,1446,1470,1495,1519,1544,1569,1594,1619,1644,1668,1693,1718,1743,1768,1793,1818,1843,1868,1893,1918,1943,1968,1992,2017,2042,2067,2092,2117,2142,2167,2191,2216,2241,2266,2291,2316,2341,2366,2391,2416,2441,2466,2491,2516,2541,2566,2591
docs/reports/2026-08-09.md
  s_b8ba273947b220::t_7a4933bd3e58b2 124,149,174,199,224,249,274,298,323,348,373,398,423,448,473,498,523,548,573,598,623,648,673,697,722,747,772,797,822,847,872,897,922,947,972,997,1022,1047,1072,1097,1122,1147,1172,1197,1222,1246,1271,1296,1321,1346,1371,1396,1421,1446,1471,1496,1521,1546,1570,1594,1619,1644,1668,1693,1718,1743,1768,1793,1818,1843,1868,1893,1918,1943,1967,1992,2017,2042,2067,2092,2117,2142,2167,2192,2217,2242,2266,2291,2316,2341,2366,2391,2416,2441,2466,2491,2516,2541,2566,2591
docs/reports/2026-08-10.md
  s_b8ba273947b220::t_225790e322a5c5 124,149,174,199,224,249,274,299,324,348,373,398,423,448,473,498,523,548,573,598,623,648,673,697,722,747,772,797,822,847,872,897,922,947,972,997,1022,1047,1072,1097,1122,1147,1172,1197,1222,1247,1272,1296,1321,1346,1371,1396,1421,1446,1471,1496,1521,1546,1571,1596,1621,1645,1669,1694,1719,1744,1769,1793,1818,1843,1868,1893,1918,1943,1967,1992,2017,2042,2067,2092,2117,2142,2167,2192,2217,2242,2267,2292,2316,2341,2366,2391,2416,2441,2466,2491,2516,2541,2566,2591
docs/reports/hot-rising/2026-08-04.md
  s_b8ba273947b220::t_380981c035a3a1 121,146,171,196,220,244,268,292,316,340,364,388,412,436,460,484,508,532,556,580,604,628,652,676,700,724,748,772,796,820,844,868,892,916,940,964,988,1012,1036,1060,1084,1108,1132,1156,1180,1204,1228,1252,1276,1300,1324,1348,1372,1396,1420,1444,1468,1492,1516,1540,1564,1588,1612,1636,1660,1684,1708,1732,1756,1780,1804,1828,1852,1876,1900,1924,1948,1972,1996,2020,2044,2068,2092,2116,2140,2164,2188,2212,2236,2260,2284,2308,2332,2356,2380,2404,2428,2452,2476,2500
docs/reports/hot-rising/2026-08-05.md
  s_b8ba273947b220::t_e37237a5269b85 121,147,173,199,224,249,274,299,324,349,374,399,424,449,474,499,524,549,574,599,624,649,673,697,721,745,769,793,817,841,865,889,913,937,961,985,1009,1033,1057,1081,1105,1129,1153,1177,1201,1225,1249,1273,1297,1321,1345,1369,1393,1417,1441,1465,1489,1513,1537,1561,1585,1609,1633,1657,1681,1705,1729,1753,1777,1801,1825,1849,1873,1897,1921,1945,1969,1993,2017,2041,2065,2089,2113,2137,2161,2185,2209,2233,2257,2281,2305,2329,2353,2377,2401,2425,2449,2473,2497,2521
docs/reports/hot-rising/2026-08-06.md
  s_b8ba273947b220::t_8af53af887b95a 121,147,173,199,224,249,274,299,324,349,374,399,424,449,474,499,524,548,572,596,620,644,668,692,716,740,764,788,812,836,860,884,908,932,956,980,1004,1028,1052,1076,1100,1124,1148,1172,1196,1220,1244,1268,1292,1316,1340,1364,1388,1412,1436,1460,1484,1508,1532,1556,1580,1604,1628,1652,1676,1700,1724,1748,1772,1796,1820,1844,1868,1892,1916,1940,1964,1988,2012,2036,2060,2084,2108,2132,2156,2180,2204,2228,2252,2276,2300,2324,2348,2372,2396,2420,2444,2468,2492,2516
docs/reports/hot-rising/2026-08-07.md
  s_b8ba273947b220::t_33dcead14de8a0 121,147,173,198,223,248,273,298,323,348,373,398,423,448,473,498,523,548,573,598,622,646,670,694,718,742,766,790,814,838,862,886,910,934,958,982,1006,1030,1054,1078,1102,1126,1150,1174,1198,1222,1246,1270,1294,1318,1342,1366,1390,1414,1438,1462,1486,1510,1534,1558,1582,1606,1630,1654,1678,1702,1726,1750,1774,1798,1822,1846,1870,1894,1918,1942,1966,1990,2014,2038,2062,2086,2110,2134,2158,2182,2206,2230,2254,2278,2302,2326,2350,2374,2398,2422,2446,2470,2494,2518
docs/reports/hot-rising/2026-08-08.md
  s_b8ba273947b220::t_31cacb17119189 121,146,171,196,221,246,271,296,321,346,371,396,421,446,471,496,521,546,571,596,621,645,670,695,719,743,767,791,815,839,863,888,912,936,960,984,1008,1032,1056,1080,1104,1128,1152,1176,1200,1224,1248,1272,1296,1320,1344,1368,1392,1416,1440,1464,1488,1512,1536,1560,1584,1608,1632,1656,1680,1704,1728,1752,1776,1800,1824,1848,1872,1896,1920,1944,1968,1992,2016,2040,2064,2088,2112,2136,2160,2184,2208,2232,2256,2280,2304,2328,2352,2376,2400,2424,2448,2472,2496,2520
docs/reports/hot-rising/2026-08-09.md
  s_b8ba273947b220::t_312f2dc51b5aa6 121,147,172,197,222,247,272,297,322,347,372,397,422,447,472,497,522,547,572,597,622,646,670,694,718,742,766,791,815,839,863,887,911,935,959,983,1007,1031,1055,1079,1103,1127,1151,1175,1199,1223,1247,1271,1295,1319,1343,1367,1391,1415,1439,1463,1487,1511,1535,1559,1583,1607,1631,1655,1679,1703,1727,1751,1775,1799,1823,1847,1871,1895,1919,1943,1967,1991,2015,2039,2063,2087,2111,2135,2159,2183,2207,2231,2255,2279,2303,2327,2351,2375,2399,2423,2447,2471,2495,2519
reports/2026-07-29.md
  s_b8ba273947b220::t_9c1fe08fe65c1a 124,149,174,199,224,249,274,299,324,349,374,399,424,449,474,499,523,548,573,598,623,648,673,698,722,747,772,797,822,847,872,897,922,947,972,997,1022,1047,1072,1097,1122,1147,1172,1197,1222,1247,1272,1297,1322,1347,1372,1396,1421,1446,1471,1496,1521,1545,1570,1595,1620,1645,1670,1695,1720,1745,1770,1794,1819,1844,1869,1894,1919,1944,1969,1994,2019,2044,2069,2093,2118,2143,2168,2193,2218,2243,2268,2293,2318,2343,2368,2393,2418,2443,2468,2493,2518,2543,2568,2593
reports/2026-07-30.md
  s_b8ba273947b220::t_e88360f1d8885a 124,149,174,199,224,249,274,299,324,349,374,399,424,449,474,499,524,548,573,598,623,647,672,697,722,747,772,797,822,847,872,897,922,947,972,997,1022,1047,1072,1097,1122,1147,1172,1197,1222,1247,1272,1297,1322,1347,1372,1397,1422,1447,1471,1496,1521,1546,1570,1595,1620,1645,1669,1694,1719,1744,1769,1794,1819,1844,1869,1894,1919,1944,1969,1994,2019,2044,2068,2093,2118,2143,2168,2193,2218,2243,2268,2293,2318,2343,2368,2393,2418,2443,2468,2493,2518,2543,2568,2593
reports/2026-07-31.md
  s_b8ba273947b220::t_0e43ccc6815846 124,149,174,199,224,249,274,299,324,349,374,399,424,449,474,499,523,548,573,598,623,647,672,697,722,747,772,797,822,847,872,897,922,947,972,997,1022,1047,1072,1097,1122,1147,1172,1197,1222,1247,1272,1297,1322,1347,1372,1397,1421,1446,1471,1496,1521,1546,1570,1595,1620,1645,1670,1695,1719,1744,1769,1794,1819,1844,1869,1894,1919,1944,1969,1994,2018,2043,2068,2093,2118,2143,2168,2193,2218,2243,2268,2293,2318,2343,2368,2393,2418,2443,2468,2493,2518,2543,2568,2593
reports/2026-08-01.md
  s_b8ba273947b220::t_580f07df3aff60 124,149,174,199,224,249,274,299,324,349,374,399,424,449,474,499,524,549,573,598,623,648,672,697,722,747,772,797,822,847,872,897,922,947,972,997,1022,1047,1072,1097,1122,1146,1171,1196,1221,1246,1271,1296,1321,1346,1371,1396,1420,1445,1470,1495,1520,1545,1569,1594,1619,1644,1669,1694,1719,1744,1769,1794,1819,1844,1869,1894,1919,1944,1969,1994,2018,2043,2068,2093,2118,2143,2168,2193,2218,2243,2268,2293,2318,2343,2368,2393,2418,2443,2468,2493,2518,2543,2568,2593
reports/2026-08-02.md
  s_b8ba273947b220::t_b2a86a7d5edd27 124,149,174,199,224,249,274,298,323,348,373,398,423,448,473,498,523,548,573,598,623,648,673,698,723,747,772,797,822,847,872,897,922,947,972,996,1021,1046,1071,1096,1121,1146,1171,1196,1221,1245,1270,1295,1320,1345,1370,1395,1420,1444,1469,1494,1519,1544,1568,1593,1618,1643,1668,1693,1718,1743,1768,1793,1818,1843,1868,1893,1918,1943,1968,1992,2017,2042,2067,2092,2117,2142,2167,2192,2217,2242,2267,2292,2317,2342,2367,2392,2417,2442,2467,2492,2517,2542,2567,2592
reports/2026-08-04.md
  s_b8ba273947b220::t_2d79e6e5b79bc4 124,149,174,199,224,249,274,299,324,349,374,398,423,448,473,498,523,548,573,598,623,648,673,698,723,748,773,798,823,847,872,897,922,947,972,997,1022,1047,1072,1097,1122,1147,1172,1197,1221,1246,1271,1296,1321,1346,1371,1396,1420,1444,1469,1494,1519,1544,1569,1593,1618,1643,1668,1693,1718,1743,1768,1793,1818,1843,1868,1893,1918,1943,1968,1992,2017,2042,2067,2092,2117,2142,2167,2192,2217,2242,2267,2292,2317,2342,2367,2392,2417,2442,2467,2492,2517,2542,2567,2592
reports/2026-08-05.md
  s_b8ba273947b220::t_e235c382ee7c6a 124,149,174,199,224,249,274,299,324,349,374,399,423,448,473,498,523,548,573,598,623,648,673,697,722,747,772,797,822,847,872,897,922,947,972,997,1022,1047,1072,1097,1122,1147,1171,1196,1221,1246,1271,1296,1321,1346,1371,1396,1420,1445,1470,1494,1519,1544,1568,1593,1618,1643,1668,1693,1718,1743,1768,1793,1818,1843,1868,1893,1918,1943,1968,1993,2018,2043,2068,2093,2118,2142,2167,2192,2217,2242,2267,2292,2317,2342,2367,2392,2417,2442,2467,2492,2517,2542,2567,2592
reports/2026-08-06.md
  s_b8ba273947b220::t_54b85b3e36775a 124,149,174,199,224,249,274,299,324,349,374,399,424,449,474,498,523,548,573,598,623,648,673,697,722,747,772,797,822,847,872,897,922,947,972,997,1022,1047,1072,1097,1122,1147,1172,1196,1221,1246,1271,1296,1321,1346,1371,1396,1420,1445,1470,1494,1519,1543,1568,1593,1618,1643,1668,1693,1718,1743,1768,1793,1818,1843,1868,1893,1918,1943,1968,1993,2017,2042,2067,2092,2117,2142,2167,2192,2217,2242,2267,2292,2317,2342,2367,2392,2417,2442,2467,2492,2517,2542,2567,2592
reports/2026-08-07.md
  s_b8ba273947b220::t_08441c396fa1e6 124,149,174,199,224,249,274,299,324,349,374,399,424,449,474,499,524,549,573,598,623,648,672,697,722,747,772,797,822,847,872,897,922,947,972,997,1022,1047,1072,1097,1122,1147,1172,1197,1222,1247,1272,1297,1321,1346,1371,1396,1420,1445,1470,1494,1518,1543,1568,1593,1618,1643,1668,1693,1718,1743,1768,1793,1818,1843,1868,1893,1918,1943,1968,1992,2016,2041,2066,2091,2116,2141,2166,2191,2216,2241,2266,2291,2316,2341,2366,2391,2416,2441,2466,2491,2516,2541,2566,2591
reports/2026-08-08.md
  s_b8ba273947b220::t_3a0b05ebae1362 124,149,174,199,224,249,274,299,324,349,374,399,424,449,474,499,524,549,574,599,624,648,673,697,722,747,772,797,822,847,872,897,922,947,972,997,1022,1047,1072,1097,1122,1147,1172,1197,1222,1247,1272,1297,1322,1347,1372,1396,1421,1446,1470,1495,1519,1544,1569,1594,1619,1644,1668,1693,1718,1743,1768,1793,1818,1843,1868,1893,1918,1943,1968,1992,2017,2042,2067,2092,2117,2142,2167,2191,2216,2241,2266,2291,2316,2341,2366,2391,2416,2441,2466,2491,2516,2541,2566,2591
reports/2026-08-09.md
  s_b8ba273947b220::t_97ecbaf360d9da 124,149,174,199,224,249,274,298,323,348,373,398,423,448,473,498,523,548,573,598,623,648,673,697,722,747,772,797,822,847,872,897,922,947,972,997,1022,1047,1072,1097,1122,1147,1172,1197,1222,1246,1271,1296,1321,1346,1371,1396,1421,1446,1471,1496,1521,1546,1570,1594,1619,1644,1668,1693,1718,1743,1768,1793,1818,1843,1868,1893,1918,1943,1967,1992,2017,2042,2067,2092,2117,2142,2167,2192,2217,2242,2266,2291,2316,2341,2366,2391,2416,2441,2466,2491,2516,2541,2566,2591
reports/2026-08-10.md
  s_b8ba273947b220::t_7df83f97f4dec1 124,149,174,199,224,249,274,299,324,348,373,398,423,448,473,498,523,548,573,598,623,648,673,697,722,747,772,797,822,847,872,897,922,947,972,997,1022,1047,1072,1097,1122,1147,1172,1197,1222,1247,1272,1296,1321,1346,1371,1396,1421,1446,1471,1496,1521,1546,1571,1596,1621,1645,1669,1694,1719,1744,1769,1793,1818,1843,1868,1893,1918,1943,1967,1992,2017,2042,2067,2092,2117,2142,2167,2192,2217,2242,2267,2292,2316,2341,2366,2391,2416,2441,2466,2491,2516,2541,2566,2591
reports/hot-rising/2026-08-04.md
  s_b8ba273947b220::t_eea947058f52e6 121,146,171,196,220,244,268,292,316,340,364,388,412,436,460,484,508,532,556,580,604,628,652,676,700,724,748,772,796,820,844,868,892,916,940,964,988,1012,1036,1060,1084,1108,1132,1156,1180,1204,1228,1252,1276,1300,1324,1348,1372,1396,1420,1444,1468,1492,1516,1540,1564,1588,1612,1636,1660,1684,1708,1732,1756,1780,1804,1828,1852,1876,1900,1924,1948,1972,1996,2020,2044,2068,2092,2116,2140,2164,2188,2212,2236,2260,2284,2308,2332,2356,2380,2404,2428,2452,2476,2500
reports/hot-rising/2026-08-05.md
  s_b8ba273947b220::t_8e87c936ec8700 121,147,173,199,224,249,274,299,324,349,374,399,424,449,474,499,524,549,574,599,624,649,673,697,721,745,769,793,817,841,865,889,913,937,961,985,1009,1033,1057,1081,1105,1129,1153,1177,1201,1225,1249,1273,1297,1321,1345,1369,1393,1417,1441,1465,1489,1513,1537,1561,1585,1609,1633,1657,1681,1705,1729,1753,1777,1801,1825,1849,1873,1897,1921,1945,1969,1993,2017,2041,2065,2089,2113,2137,2161,2185,2209,2233,2257,2281,2305,2329,2353,2377,2401,2425,2449,2473,2497,2521
reports/hot-rising/2026-08-06.md
  s_b8ba273947b220::t_efa61b440c543b 121,147,173,199,224,249,274,299,324,349,374,399,424,449,474,499,524,548,572,596,620,644,668,692,716,740,764,788,812,836,860,884,908,932,956,980,1004,1028,1052,1076,1100,1124,1148,1172,1196,1220,1244,1268,1292,1316,1340,1364,1388,1412,1436,1460,1484,1508,1532,1556,1580,1604,1628,1652,1676,1700,1724,1748,1772,1796,1820,1844,1868,1892,1916,1940,1964,1988,2012,2036,2060,2084,2108,2132,2156,2180,2204,2228,2252,2276,2300,2324,2348,2372,2396,2420,2444,2468,2492,2516
reports/hot-rising/2026-08-07.md
  s_b8ba273947b220::t_251a003b3509cc 121,147,173,198,223,248,273,298,323,348,373,398,423,448,473,498,523,548,573,598,622,646,670,694,718,742,766,790,814,838,862,886,910,934,958,982,1006,1030,1054,1078,1102,1126,1150,1174,1198,1222,1246,1270,1294,1318,1342,1366,1390,1414,1438,1462,1486,1510,1534,1558,1582,1606,1630,1654,1678,1702,1726,1750,1774,1798,1822,1846,1870,1894,1918,1942,1966,1990,2014,2038,2062,2086,2110,2134,2158,2182,2206,2230,2254,2278,2302,2326,2350,2374,2398,2422,2446,2470,2494,2518
reports/hot-rising/2026-08-08.md
  s_b8ba273947b220::t_aa6cbbc8a8e289 121,146,171,196,221,246,271,296,321,346,371,396,421,446,471,496,521,546,571,596,621,645,670,695,719,743,767,791,815,839,863,888,912,936,960,984,1008,1032,1056,1080,1104,1128,1152,1176,1200,1224,1248,1272,1296,1320,1344,1368,1392,1416,1440,1464,1488,1512,1536,1560,1584,1608,1632,1656,1680,1704,1728,1752,1776,1800,1824,1848,1872,1896,1920,1944,1968,1992,2016,2040,2064,2088,2112,2136,2160,2184,2208,2232,2256,2280,2304,2328,2352,2376,2400,2424,2448,2472,2496,2520
reports/hot-rising/2026-08-09.md
  s_b8ba273947b220::t_4d2b7e5d119df6 121,147,172,197,222,247,272,297,322,347,372,397,422,447,472,497,522,547,572,597,622,646,670,694,718,742,766,791,815,839,863,887,911,935,959,983,1007,1031,1055,1079,1103,1127,1151,1175,1199,1223,1247,1271,1295,1319,1343,1367,1391,1415,1439,1463,1487,1511,1535,1559,1583,1607,1631,1655,1679,1703,1727,1751,1775,1799,1823,1847,1871,1895,1919,1943,1967,1991,2015,2039,2063,2087,2111,2135,2159,2183,2207,2231,2255,2279,2303,2327,2351,2375,2399,2423,2447,2471,2495,2519
reports/hot-rising/latest.md
  s_b8ba273947b220::t_19625f2bbc17d7 121,147,172,197,222,247,272,297,322,347,372,397,422,447,472,497,522,547,572,597,622,646,670,694,718,742,766,791,815,839,863,887,911,935,959,983,1007,1031,1055,1079,1103,1127,1151,1175,1199,1223,1247,1271,1295,1319,1343,1367,1391,1415,1439,1463,1487,1511,1535,1559,1583,1607,1631,1655,1679,1703,1727,1751,1775,1799,1823,1847,1871,1895,1919,1943,1967,1991,2015,2039,2063,2087,2111,2135,2159,2183,2207,2231,2255,2279,2303,2327,2351,2375,2399,2423,2447,2471,2495,2519
reports/latest.md
  s_b8ba273947b220::t_58cfa17154231a 124,149,174,199,224,249,274,299,324,348,373,398,423,448,473,498,523,548,573,598,623,648,673,697,722,747,772,797,822,847,872,897,922,947,972,997,1022,1047,1072,1097,1122,1147,1172,1197,1222,1247,1272,1296,1321,1346,1371,1396,1421,1446,1471,1496,1521,1546,1571,1596,1621,1645,1669,1694,1719,1744,1769,1793,1818,1843,1868,1893,1918,1943,1967,1992,2017,2042,2067,2092,2117,2142,2167,2192,2217,2242,2267,2292,2316,2341,2366,2391,2416,2441,2466,2491,2516,2541,2566,2591
site/package-lock.json
  s_64c382f1285bc9::t_9037e05eecfc57 3,9
---
{
  "schema_version": "authorship/3.0.0",
  "git_ai_version": "1.6.22",
  "base_commit_sha": "fc36a0468455428993da6bd895f588988e5a74e9",
  "prompts": {},
  "logical_commit_id": "fc36a0468455428993da6bd895f588988e5a74e9",
  "sessions": {
    "s_64c382f1285bc9": {
      "agent_id": {
        "tool": "codex",
        "id": "019fe986-c6fa-7db1-808e-e261bca6c571",
        "model": "gpt-5.6-terra"
      },
      "human_author": "masongzhi <masongzhi@bigo.sg>"
    },
    "s_b8ba273947b220": {
      "agent_id": {
        "tool": "codex",
        "id": "019fe409-2ae5-7323-9671-38ec46b8c6ea",
        "model": "gpt-5.6-sol"
      },
      "human_author": "masongzhi <masongzhi@bigo.sg>",
      "total_additions": 335,
      "total_deletions": 233
    }
  }
}